1 2881832
2 668184
3 265310
4 132306
5 75395
6 46974
7 31163
8 21808
9 15549
10 11762
11 8906
12 6921
13 5351
14 4325
15 3516
16 2927
17 2409
18 1986
19 1721
20 1340
21 1220
22 1111
23 885
24 770
25 702
26 635
27 549
28 484
29 379
30 421
31 372
32 311
33 289
34 289
35 244
36 202
37 187
38 160
39 157
40 125
41 124
42 146
43 125
44 108
45 109
46 98
47 104
48 94
49 71
50 74
51 57
52 63
53 55
54 48
55 50
56 50
57 58
58 42
59 47
60 45
61 33
62 28
63 36
64 30
65 32
66 30
67 18
68 33
69 23
70 19
71 22
72 25
73 22
74 18
75 24
76 21
77 17
78 14
79 11
80 16
81 17
82 14
83 16
84 10
85 12
86 6
87 8
88 10
89 12
90 6
91 9
92 10
93 8
94 12
95 11
96 8
97 7
98 5
99 9
100 9
101 12
102 10
103 9
104 5
105 6
106 4
107 3
108 10
109 8
110 5
111 7
112 6
114 7
115 4
116 5
117 4
118 4
119 4
120 2
121 3
122 1
123 5
124 1
125 2
126 4
127 1
128 2
129 2
130 4
131 6
132 3
134 1
136 3
137 5
138 3
139 1
141 1
142 2
143 1
144 6
145 4
146 2
147 1
149 2
150 1
151 2
153 1
155 1
156 2
157 5
159 1
160 2
162 1
163 3
167 2
168 1
169 1
170 2
171 1
173 1
174 1
176 1
177 2
180 1
181 2
182 2
189 1
192 1
193 2
196 3
197 2
198 1
199 1
200 1
202 2
204 1
205 1
207 2
208 1
209 1
212 1
213 2
216 1
218 2
220 1
221 1
225 1
226 1
227 4
236 1
238 1
239 1
240 1
244 1
247 1
252 2
253 1
257 1
261 1
266 1
270 1
277 1
279 1
282 2
292 1
296 2
308 1
311 1
314 1
380 1
