1	0.296222017008
2	0.287432723397
3	0.289342073771
4	0.293653731016
5	0.29482476886
6	0.30215677153
7	0.304565251622
8	0.309706987971
9	0.308716012186
10	0.312091688285
11	0.315846087505
12	0.320365597433
13	0.320496189978
14	0.328091212889
15	0.326307317512
16	0.331654987356
17	0.33067544051
18	0.336401054209
19	0.338500189927
20	0.328934808266
21	0.344771411906
22	0.352399183455
23	0.34154780572
24	0.355082262463
25	0.334779721931
26	0.36099324144
27	0.359274693936
28	0.344145547906
29	0.363926675546
30	0.355539836245
31	0.352730089931
32	0.350142532857
33	0.368851759833
34	0.34962874955
35	0.350992023533
36	0.356214602945
37	0.359783960472
38	0.375110571664
39	0.39768268897
40	0.376013966366
41	0.370927757575
42	0.363900521378
43	0.379211585937
44	0.380934161065
45	0.396255531195
46	0.391920870818
47	0.392312310804
48	0.375237011974
49	0.415248008594
50	0.408166305906
51	0.386885797338
52	0.4004944296
53	0.39991244093
54	0.403986652275
55	0.412238022531
56	0.377214114912
57	0.395038901973
58	0.378394404133
59	0.375003495715
60	0.381197204942
61	0.470900154907
62	0.396267889311
63	0.399657065241
64	0.439730123375
65	0.420077512639
66	0.36540456316
67	0.462535161317
68	0.463450374681
69	0.469646263036
70	0.492564261742
71	0.338367453968
72	0.386593426005
73	0.427199102176
74	0.379365658501
75	0.487639653647
76	0.513508839283
77	0.48507973223
78	0.474780836171
79	0.429120576113
80	0.437409877034
81	0.421234478276
82	0.497181579639
83	0.472594910064
84	0.490273982558
85	0.39571211603
86	0.462099948166
87	0.438132949083
88	0.464634197999
89	0.44758362472
90	0.486979244189
91	0.555888805558
92	0.461889640787
93	0.425696131234
94	0.421983169835
95	0.515661314415
96	0.456300447162
97	0.416259167952
98	0.515749386858
99	0.3924382129
100	0.5494684977
101	0.549117257429
102	0.481418382477
103	0.531202830208
104	0.554706459275
105	0.496921745324
106	0.496544373142
107	0.549282250355
108	0.486207017865
109	0.448669287163
110	0.480886552944
111	0.440258877962
112	0.44606157483
114	0.498025742595
115	0.327188257262
116	0.423633676184
117	0.550810712742
118	0.53618654111
119	0.524906723049
120	0.391467882608
121	0.440167742769
122	0.456048543662
123	0.504710534761
124	0.414808009256
125	0.297789087746
126	0.533420795357
127	0.479389074034
128	0.537212650118
129	0.448585853761
130	0.48572708263
131	0.62678355667
132	0.544651754134
134	0.504881608728
136	0.624692052805
137	0.521888643232
138	0.579771976569
139	0.431831308277
141	0.490586588929
142	0.488549015408
143	0.660291206527
144	0.465388992786
145	0.568092952693
146	0.3802148574
147	0.566544956338
149	0.534399715832
150	0.507736159998
151	0.631378271516
153	0.433068981786
155	0.633930274115
156	0.728598285966
157	0.429305529642
159	0.637453129611
160	0.43444597871
162	0.438410805463
163	0.465754021553
167	0.659867479543
168	0.39220455255
169	0.508479722052
170	0.515336702061
171	0.824781157124
173	0.480779489446
174	0.359101169364
176	0.655045234708
177	0.813181409322
180	0.388659951068
181	0.437602169313
182	0.491521374756
189	0.453984287318
192	0.737082264861
193	0.568890853135
196	0.593762899682
197	0.733987301523
198	0.881106665458
199	0.724959172957
200	0.428477446839
202	0.671991435186
204	0.589305342381
205	0.430894409052
207	0.579298050162
208	0.421657240927
209	0.989210294848
212	0.555253780854
213	0.50053044341
216	0.455813924813
218	0.746296160117
220	0.573295447752
221	0.414253948704
225	0.537384495205
226	0.626830216558
227	0.556012569381
236	0.539825414102
238	0.572055778674
239	0.930824349219
240	0.711540475512
244	0.538231634297
247	0.383339010659
252	0.717999419059
253	0.630390717269
257	0.658480676496
261	0.781368460649
266	0.499696281363
270	0.603740425531
277	0.365523573313
279	0.495664260628
282	0.647686109715
292	0.422204286224
296	0.470918227779
308	0.789541465318
311	0.749078884555
314	0.9061075341
380	0.434277194992
406	0.633327385075
431	0.667408967596
498	0.553500427481
501	0.582528792831
520	0.738264911157
