1	71
2	76
3	81
4	86
5	89
6	93
7	96
8	99
9	100
10	102
11	106
12	107
13	111
14	111
15	112
16	117
17	117
18	119
19	122
20	118
21	126
22	133
23	126
24	136
25	124
26	141
27	141
28	132
29	142
30	139
31	130
32	142
33	157
34	134
35	144
36	141
37	141
38	154
39	152
40	164
41	145
42	151
43	163
44	169
45	178
46	168
47	172
48	178
49	163
50	147
51	171
52	179
53	178
54	202
55	168
56	139
57	189
58	170
59	184
60	175
61	209
62	189
63	153
64	180
65	217
66	174
67	188
68	234
69	214
70	200
71	145
72	222
73	204
74	173
75	246
76	264
77	263
78	279
79	169
80	200
81	205
82	250
83	231
84	230
85	227
86	182
87	180
88	274
89	253
90	377
91	284
92	264
93	207
94	210
95	357
96	256
97	196
98	248
99	212
100	315
101	236
102	276
103	318
104	331
105	253
106	348
107	174
108	198
109	205
110	203
111	178
112	194
114	258
115	131
116	180
117	209
118	254
119	326
120	345
121	267
122	373
123	226
124	100
125	210
126	616
127	272
128	316
129	164
130	256
131	316
132	290
134	494
136	297
137	318
138	324
139	344
141	190
142	393
143	307
144	240
145	234
146	155
147	211
149	390
150	102
151	242
153	230
155	312
156	305
157	226
159	359
160	270
162	357
163	167
167	251
168	193
169	370
170	349
171	143
173	225
174	154
176	258
177	390
180	179
181	349
182	236
189	257
192	193
193	493
196	309
197	315
198	423
199	128
200	172
202	435
204	301
205	183
207	235
208	210
209	429
212	309
213	148
216	158
218	439
220	358
221	128
225	361
226	269
227	209
236	469
238	323
239	598
240	443
244	363
247	266
252	341
253	257
257	278
261	545
266	548
270	403
277	192
279	256
282	444
292	278
296	245
308	253
311	329
314	369
380	209
406	309
431	392
498	165
501	464
520	262
