1	3.83923733236
2	4.01172057397
3	4.07902830651
4	4.11385915983
5	4.13770674448
6	4.15027107194
7	4.15999284866
8	4.17216159208
9	4.1759598688
10	4.18794422717
11	4.19202580487
12	4.20325819968
13	4.1975906732
14	4.21113129645
15	4.19294653015
16	4.20005551759
17	4.22535589578
18	4.2179702361
19	4.20465457659
20	4.24634328358
21	4.21147540984
22	4.23656001964
23	4.21896339966
24	4.22359307359
25	4.2498005698
26	4.21671714113
27	4.22856371855
28	4.2309622196
29	4.23173505595
30	4.17403008709
31	4.24531737773
32	4.22749196141
33	4.23665722974
34	4.29564420924
35	4.2355971897
36	4.26512651265
37	4.24237606591
38	4.28190789474
39	4.23583210844
40	4.3256
41	4.2295436664
42	4.2516307893
43	4.28893023256
44	4.23021885522
45	4.21406727829
46	4.27861579414
47	4.19087561375
48	4.25930851064
49	4.18741017534
50	4.21918918919
51	4.18541451668
52	4.32692307692
53	4.30943396226
54	4.22800925926
55	4.36036363636
56	4.36714285714
57	4.17090139141
58	4.38177339901
59	4.28957807429
60	4.24148148148
61	4.20168902136
62	4.27361751152
63	4.34171075838
64	4.05104166667
65	4.32548076923
66	4.32272727273
67	4.3416252073
68	4.1577540107
69	4.19344675488
70	4.3045112782
71	4.20614596671
72	4.18222222222
73	4.24097135741
74	4.16591591592
75	4.15666666667
76	4.18107769424
77	4.10695187166
78	4.22161172161
79	4.28768699655
80	4.40859375
81	4.24037763253
82	4.13153310105
83	4.40587349398
84	4.26071428571
85	4.33823529412
86	3.94379844961
87	4.41666666667
88	4.19886363636
89	4.37640449438
90	4.13333333333
91	4.20146520147
92	4.07826086957
93	4.14650537634
94	4.20744680851
95	4.24114832536
96	4.1328125
97	4.33578792342
98	4.29183673469
99	4.35578002245
100	4.06888888889
101	4.21864686469
102	4.39705882353
103	4.14347357066
104	4.33461538462
105	4.22380952381
106	4.36320754717
107	4.27102803738
108	4.20092592593
109	4.50229357798
110	4.33454545455
111	4.31274131274
112	4.18898809524
114	4.39348370927
115	4.33695652174
116	4.29310344828
117	4.19444444444
118	4.25423728814
119	4.05042016807
120	4.2
121	4.28925619835
122	4.5
123	4.45203252033
124	3.95967741935
125	4.628
126	4.4246031746
127	3.92913385827
128	4.49609375
129	4.48837209302
130	4.03269230769
131	4.30279898219
132	3.89898989899
134	4.24626865672
136	4.24264705882
137	3.95620437956
138	4.21739130435
139	4.37410071942
141	3.93617021277
142	4.02464788732
143	4.46153846154
144	4.12847222222
145	4.21034482759
146	4.09246575342
147	4.63945578231
149	3.90939597315
150	4.46666666667
151	4.32781456954
153	3.76470588235
155	4.12903225806
156	4.55448717949
157	4.26878980892
159	4.41509433962
160	4.396875
162	3.92592592593
163	4.51329243354
167	4.47005988024
168	4.78571428571
169	4.14201183432
170	4.13823529412
171	4.56725146199
173	4.56647398844
174	3.87356321839
176	4.47727272727
177	4.14971751412
180	4.37777777778
181	4.09668508287
182	3.92857142857
189	4.71428571429
192	4.83333333333
193	4.06994818653
196	4.41156462585
197	4.86802030457
198	4.32828282828
199	4.44221105528
200	3.975
202	4.28712871287
204	4.1862745098
205	4.46829268293
207	3.98792270531
208	4.60576923077
209	4.57894736842
212	4.22169811321
213	3.03990610329
216	4.45833333333
218	3.73623853211
220	4.50454545455
221	4.80995475113
225	4.53777777778
226	4.11504424779
227	4.40418502203
236	4.66949152542
238	4.81932773109
239	4.76987447699
240	4.45833333333
244	3.97131147541
247	4.55870445344
252	4.26984126984
253	4.59288537549
257	4.33073929961
261	3.44061302682
266	4.34586466165
270	4.3962962963
277	4.79783393502
279	4.18637992832
282	4.42375886525
292	4.2602739726
296	4.53040540541
308	4.39285714286
311	4.55948553055
314	4.52547770701
380	4.30526315789
406	4.40640394089
431	4.18329466357
498	4.45180722892
501	4.28343313373
520	3.86153846154
