1	379
2	407
3	433
4	461
5	478
6	499
7	516
8	532
9	538
10	550
11	568
12	578
13	596
14	595
15	603
16	631
17	631
18	643
19	657
20	638
21	682
22	716
23	679
24	733
25	667
26	763
27	760
28	716
29	768
30	751
31	702
32	772
33	859
34	726
35	783
36	757
37	764
38	839
39	825
40	892
41	785
42	816
43	886
44	923
45	970
46	913
47	931
48	964
49	899
50	794
51	940
52	974
53	977
54	1091
55	903
56	753
57	1040
58	916
59	1008
60	957
61	1140
62	1040
63	832
64	982
65	1173
66	943
67	1040
68	1294
69	1160
70	1086
71	792
72	1197
73	1120
74	934
75	1365
76	1424
77	1433
78	1545
79	932
80	1071
81	1111
82	1363
83	1253
84	1269
85	1247
86	1005
87	973
88	1486
89	1412
90	2057
91	1569
92	1446
93	1136
94	1117
95	2007
96	1415
97	1077
98	1340
99	1184
100	1745
101	1300
102	1512
103	1773
104	1826
105	1356
106	1994
107	942
108	1100
109	1113
110	1107
111	969
112	1076
114	1398
115	711
116	995
117	1135
118	1412
119	1779
120	1821
121	1436
122	2075
123	1219
124	558
125	1139
126	3510
127	1533
128	1794
129	881
130	1424
131	1744
132	1577
134	2693
136	1596
137	1725
138	1844
139	1824
141	1003
142	2141
143	1788
144	1313
145	1274
146	863
147	1137
149	2105
150	535
151	1302
153	1267
155	1597
156	1674
157	1254
159	1944
160	1468
162	1857
163	915
167	1406
168	1051
169	2090
170	1905
171	751
173	1313
174	905
176	1396
177	2209
180	945
181	1874
182	1317
189	1416
192	1140
193	2647
196	1726
197	1721
198	2378
199	706
200	888
202	2369
204	1623
205	977
207	1314
208	1128
209	2418
212	1822
213	798
216	838
218	2534
220	2105
221	646
225	1955
226	1524
227	1206
236	2590
238	1780
239	3483
240	2330
244	1916
247	1499
252	1921
253	1398
257	1490
261	3109
266	2950
270	2229
277	1098
279	1380
282	2443
292	1468
296	1356
308	1377
311	1854
314	2097
380	1116
406	1781
431	2274
498	968
501	2656
520	1453
