1	4.42242474302
2	4.58298352787
3	4.31021864334
4	4.35681771621
5	4.26513855431
6	4.2572736439
7	4.19884266927
8	4.19992341106
9	4.11393128746
10	4.13766326486
11	4.09080290649
12	4.1159482123
13	4.1535584471
14	4.100366636
15	4.26173226702
16	4.21476323044
17	4.19211154018
18	4.17544571344
19	4.16989127702
20	4.14660437791
21	4.15192878653
22	4.1479970445
23	4.14030922576
24	4.12434747808
25	4.11379474391
26	4.09820503085
27	4.08840105943
28	4.07032224005
29	4.0743722248
30	4.0589729977
31	4.03879735186
32	4.04096783086
33	4.01995972709
34	4.01569627527
35	3.99653923778
36	3.99963318768
37	3.98843281967
38	3.97721627113
39	3.96480278431
40	3.9659065452
41	3.95595781908
42	3.94933756913
43	3.93075663276
44	3.93122875599
45	3.92378630742
46	3.91974949545
47	3.89334446973
48	3.92234486249
49	3.90468567249
50	3.88497334308
51	3.87142989101
52	3.88097146652
53	3.85939976253
54	3.86299606021
55	3.85867005576
56	3.84936297265
57	3.85214125615
58	3.83277563461
59	3.82714721512
60	3.82844151252
61	3.82434303974
62	3.81987808044
63	3.80770527915
64	3.80971917652
65	3.79741888734
66	3.80141600021
67	3.80140624199
68	3.7971434438
69	3.80743453278
70	3.80212072241
71	3.78713296149
72	3.78813110817
73	3.76744985497
74	3.78522343428
75	3.75828522036
76	3.77293233832
77	3.7633887671
78	3.74225449005
79	3.75267323933
80	3.7506133811
81	3.75169505896
82	3.75895878485
83	3.75050789948
84	3.7545907751
85	3.73274535489
86	3.74102752365
87	3.74163588139
88	3.71734051847
89	3.7254638994
90	3.7271233254
91	3.73120329778
92	3.71758890841
93	3.73609090026
94	3.7210385158
95	3.71812843533
96	3.70378142152
97	3.72299380607
98	3.69742028715
99	3.71015328325
100	3.70363793851
101	3.69927372967
102	3.7045731813
103	3.70735649402
104	3.69476413199
105	3.70685296315
106	3.70658667064
107	3.68156739811
108	3.68988533037
109	3.68504237194
110	3.68382943936
111	3.72104778457
112	3.69132086601
113	3.68967814697
114	3.67008250274
115	3.68839782517
116	3.67053470528
117	3.68415788459
118	3.67790687029
119	3.65372272356
120	3.67559478096
121	3.66772102151
122	3.69355259563
123	3.68599130703
124	3.68690190547
125	3.66689783612
126	3.67363174251
127	3.68339165137
128	3.68163788867
129	3.67911851358
130	3.67032139832
131	3.65443665678
132	3.66061079265
133	3.6242048534
134	3.67555477165
135	3.69795467908
136	3.65918249765
137	3.65751051424
138	3.65491915674
139	3.66029405794
140	3.67604704642
141	3.66812227447
142	3.66366530565
143	3.65126786881
144	3.71424391338
145	3.68492214251
146	3.66517829051
147	3.6439498834
148	3.68482718799
149	3.64527147209
150	3.65640119263
151	3.63683960541
152	3.65584281018
153	3.64652683324
154	3.66463962643
155	3.65062659641
156	3.68521819767
157	3.67305885739
158	3.63826503019
159	3.66985659943
160	3.71948135731
161	3.6253227837
162	3.61442513719
163	3.68720135905
164	3.64140225293
165	3.67625861742
166	3.68648111469
167	3.69291531585
168	3.67889489313
169	3.68498614918
170	3.64754514133
171	3.64361747099
172	3.67821752967
173	3.68684356779
174	3.63135506404
175	3.66258907332
176	3.64260487763
177	3.69298112365
178	3.64061472266
179	3.65242568233
180	3.64895334826
181	3.63522940102
182	3.63893053734
183	3.63848213369
184	3.67515803629
185	3.69325279214
186	3.6513396982
187	3.63594052215
188	3.6437244972
189	3.63058714006
190	3.68862660987
191	3.65294155744
192	3.69696658189
193	3.66488554918
194	3.69252869211
195	3.65453273167
196	3.6384027438
197	3.65349571607
198	3.67439850997
199	3.66138949745
200	3.64352548195
201	3.66850987776
202	3.66602203144
203	3.66905893408
204	3.68626230404
205	3.65847487785
206	3.65401925771
207	3.66341963005
208	3.64894522817
209	3.67100357758
210	3.66292872016
211	3.65947071856
212	3.66185393818
213	3.70123275507
214	3.65240743385
215	3.69990051025
216	3.67622920957
217	3.69600646943
218	3.61498301897
219	3.67118508903
220	3.68929054988
221	3.59461432305
222	3.68675210521
223	3.69895569553
224	3.69769054139
225	3.64810468772
226	3.61757426821
227	3.6571076993
228	3.71621698349
229	3.69075086129
230	3.63923619957
231	3.66000987786
232	3.62003247557
233	3.71355740698
234	3.64902390764
235	3.6790240313
236	3.65831387946
237	3.67735780643
238	3.64362200621
239	3.7025438009
240	3.71141575208
241	3.69050493785
242	3.61904577989
243	3.68956894144
244	3.68184153445
245	3.68019270383
246	3.68598525107
247	3.70738672972
248	3.64940961449
249	3.68823717338
250	3.70557090025
251	3.67080721839
252	3.65730543569
253	3.68310026949
254	3.72804612895
255	3.63697316019
256	3.69960035347
257	3.71573192773
258	3.75822238432
259	3.70757199854
260	3.68485884268
261	3.700770309
262	3.65624507801
263	3.7803417711
264	3.67885873023
265	3.67684550691
266	3.67551213448
267	3.71221321682
268	3.72279993023
269	3.73029928525
270	3.73014756097
271	3.68228749435
272	3.74452317908
273	3.69571806369
274	3.70795788864
275	3.63350315498
276	3.62690114389
277	3.68579196468
278	3.64794398885
279	3.70957881532
280	3.69361490316
281	3.69658036442
282	3.65629556845
283	3.72806520879
284	3.73252072988
285	3.75540409371
286	3.60163738121
287	3.73878961165
288	3.7037950868
289	3.65633318727
290	3.66884879099
291	3.73192216163
292	3.7079910569
293	3.77613904648
294	3.71274939456
295	3.73557809655
296	3.62804856493
297	3.68629432237
298	3.65779129472
299	3.69329237335
300	3.69359390854
301	3.75315233821
302	3.66872634712
303	3.6811244748
304	3.74885962743
305	3.77189709165
306	3.70997615685
307	3.64021399378
308	3.64888197489
309	3.68658321882
310	3.69492338915
311	3.62625505867
312	3.73705525639
313	3.59436546423
314	3.77231525121
315	3.72309960084
316	3.6964991614
317	3.73007409408
318	3.70933644512
319	3.62975614373
320	3.83862468782
321	3.74692858951
322	3.68898453928
323	3.7263584075
324	3.64907386606
325	3.73972240533
326	3.6556042875
327	3.73955673594
328	3.6220273369
329	3.78099445713
330	3.79028479903
331	3.67740589693
332	3.72073831333
333	3.75932682404
334	3.83190410919
335	3.74415404785
336	3.76406627921
337	3.82750506136
338	3.78241844694
339	3.67898787361
340	3.75114056794
341	3.58425882554
342	3.76198611139
343	3.76210206478
344	3.73042490897
345	3.65025026023
346	3.81853648244
347	3.7443284804
348	3.75445321635
349	3.72682807146
350	3.74586624523
351	3.79888395102
352	3.82130061753
353	3.71766815459
354	3.70551062231
355	3.82055255975
356	3.67994393293
357	3.75176599069
358	3.76758661339
359	3.73330423714
360	3.67565188579
361	3.76125477571
362	3.74218648394
363	3.67002589605
364	3.75457159693
365	3.67562398685
366	3.82636212417
367	3.87399838723
368	3.74964243516
369	3.76332939651
370	3.68944539263
371	3.61790804625
372	3.7828010054
373	3.66200426855
374	3.65890657137
375	3.7214604464
376	3.6567069375
377	3.61885269352
378	3.64598995662
379	3.71239174704
380	3.79037652812
381	3.70904203978
382	3.65528609763
383	3.79044790623
384	3.82030562621
385	3.68680406861
386	3.70756549727
387	3.73092135156
388	3.69629117363
389	3.77256489775
390	3.80391205375
391	3.85982610147
392	3.80537854824
393	3.8167375983
394	3.72311296596
395	3.72322005766
396	3.62545314799
397	3.72653728794
398	3.74921292267
399	3.73645084982
400	3.70709260871
401	3.80585614199
402	3.72459066634
403	3.68448119818
404	3.64292817242
405	3.75151990043
406	3.77744564333
407	3.64875273665
408	3.79001064094
409	3.61371294956
410	3.79957991672
411	3.63386972587
412	3.65622833086
413	3.79865732002
414	3.90557549644
415	3.78179480557
416	3.68611271025
417	3.70188762718
418	3.71520020677
419	3.82506107118
420	3.72995107083
421	3.87579674158
422	3.7674862106
423	3.70406340709
424	3.82948868135
425	3.83330706818
426	3.72475560913
427	3.78924359498
428	3.72071670535
429	3.7869406895
430	3.80430300286
431	3.77010678923
432	3.79823380725
433	3.7158745984
434	3.78650946048
435	3.72243739727
436	3.7461530108
437	3.81019309781
438	3.85958439657
439	3.72972657054
440	3.75922857672
441	3.7340771205
442	3.65667779092
443	3.83081358912
444	3.77047702331
445	3.85101407607
446	3.81362379428
447	3.61119377674
448	3.69448853034
449	3.91174186676
450	3.78564265002
451	3.77558510892
452	3.85046471728
453	3.73603341335
454	3.65354687687
455	3.77498080217
456	3.70558352822
457	3.81370242214
458	3.78197964223
459	3.82936632186
460	3.998185174
461	3.85091888658
462	3.81045415088
463	3.88924013862
464	3.88790087871
465	3.85245888324
466	3.69516774451
467	3.81173747277
468	3.79822071793
469	3.76092771893
470	3.57490740741
471	3.65367180283
472	3.93248374768
473	3.65638990639
474	3.76686487096
475	3.68433839177
476	3.91405583441
477	3.73065410603
478	3.70720431615
479	3.91255440448
480	3.74367956323
481	3.7300959594
482	3.6155605424
483	3.77122797837
484	3.801068634
485	3.85494678914
486	3.62771464646
487	3.53155554127
488	3.80799432722
489	3.74039705814
490	3.94674126429
491	3.72364801145
492	3.78426190962
493	3.85360134864
494	3.66695452093
495	3.90541354191
496	3.71167797244
497	3.68544132266
498	3.68323649997
499	3.80379366143
500	3.96576773567
501	4.08573520766
502	3.76103662525
503	3.88231957324
504	3.7041231094
505	3.85737678547
506	3.85648482226
507	3.756999038
508	3.63295789375
509	3.70569620971
510	3.75191964286
511	3.90359041679
512	3.73997041507
513	3.98061015561
514	3.75421060629
515	3.79676619494
516	3.73274667861
517	3.78011855201
518	3.83896161505
519	3.83932900433
520	3.86415422418
521	3.50796703297
522	3.90384122919
523	3.87516510254
524	3.99573415239
525	3.75875628029
526	3.77280784098
527	3.75808534531
528	3.90639847844
529	3.89162787922
530	3.8615995116
531	3.80717940685
532	3.87597783346
533	3.90367806858
534	3.61871377325
535	3.69616691766
536	3.84983147018
537	3.84965205542
538	3.67130116959
539	3.81802721088
540	3.95267369243
541	3.85802495943
542	4.00815733223
543	3.84108920951
544	3.73024516737
545	3.64161448523
546	3.81429351429
547	3.68929299549
548	3.60997288868
549	3.60533108866
550	3.87398107227
551	3.89884259259
552	3.8338952589
553	3.76231884058
554	3.77411442453
555	3.89446988197
556	3.80536130536
557	3.6498457969
558	3.77488807489
559	3.54505866115
560	3.85879482153
561	3.95774043234
562	3.78608539095
563	3.54656862745
564	3.86171319102
565	3.8134956385
566	3.9359929078
567	3.68716867325
568	3.73445774212
569	3.80625254375
570	3.90329280648
571	3.88125
572	3.71604437229
573	3.7800898931
574	3.86902573082
575	4.01468153839
576	3.81242236025
577	3.79277028813
578	3.62904871374
579	3.89454452358
580	3.57661665999
581	4.14558823529
582	3.89856866989
583	4.03840863997
584	3.89198504983
585	3.69346872616
586	3.88474106141
587	3.75070976622
588	3.79805628619
589	3.96353895491
590	3.88638573076
591	4.07007666567
592	3.98340548341
593	3.72588888889
594	3.92181069959
595	4.25180668473
596	3.83181157589
597	3.93445032334
598	3.83763419934
599	4.06841046278
600	3.8591748366
601	3.89392776341
602	3.7044033294
603	3.74799772036
604	3.87317073171
605	3.96846846847
606	3.7422384606
607	3.87090909091
608	4.02622309198
609	3.93863095238
610	3.85874200426
611	3.66686980348
612	3.83370267223
613	3.73134199134
614	4.09885636751
615	3.61505376344
616	3.74698433611
617	3.85565192744
618	3.74046934866
619	3.74213075061
620	3.45312387143
621	3.86866666667
622	3.69217171717
623	3.49998053093
624	3.51198686371
625	3.91649659864
626	3.8226171758
627	3.64336419753
628	3.99543325527
629	3.96316155718
630	4.01618072787
631	3.82014589679
632	3.5905952381
633	3.86882716049
634	3.23878276495
635	3.78441220238
636	3.94198312236
637	3.73131313131
638	3.87722222222
639	3.87221852222
640	3.77909860859
641	4.09730769192
642	3.76370851371
643	3.65767195767
644	3.73634751773
645	3.39
646	4.05462962963
647	4.0171540788
648	3.73660714286
649	4.0124726528
650	4.07175925926
651	3.70225694444
652	3.9274691358
653	4.04648859544
654	3.91844115004
655	3.97853535354
656	3.95731590882
657	3.73889050776
658	3.93062806952
659	3.99249786871
660	3.98849206349
661	3.95185185185
662	3.88522211325
663	4.01498822815
664	3.60963468721
665	3.84714285714
666	3.835546875
667	3.91770833333
668	3.89486036839
669	3.92780583614
670	4.18557919622
671	4.18362573099
672	3.60327413984
673	3.72664546338
674	3.81763136289
675	4.11807580175
676	3.77044513458
677	3.76932614555
678	3.93209793351
679	4.03174603175
680	3.99885416667
681	3.66178861789
682	3.68027079304
683	3.90713507625
684	4.17252252252
685	3.85301873068
686	3.81480535694
687	3.58895833333
688	3.82348484848
689	3.79754062363
690	3.97610722611
691	3.95977011494
692	3.80486111111
693	3.88815789474
694	3.91975308642
695	4.18327796235
696	3.85555555556
697	4.00811965812
698	3.76763848397
699	3.87839506173
700	4.02266666667
701	3.77586206897
702	4.1003875969
703	3.92310606061
704	3.80286195286
705	4.07495471014
706	3.77725366876
707	3.774375
708	3.74481074481
709	4.02833352066
710	3.93953488372
711	4.02133838384
712	3.99861111111
713	3.79583333333
714	3.92806484296
715	3.61559139785
716	3.70635216665
717	4.06238095238
718	3.78398617512
719	4.0
720	3.83431085044
721	3.7880952381
722	3.96730769231
723	3.58725490196
724	3.70731707317
725	4.12118437118
726	3.87301587302
727	3.63392857143
728	3.79535714286
729	3.95
730	3.91439393939
731	3.83452380952
732	3.64394394394
733	3.8704954955
734	3.8820861678
735	3.82803379416
736	4.05215484363
737	3.96650793651
738	3.65811965812
739	3.59161471703
740	4.12365591398
741	3.64316239316
742	4.01851851852
743	4.01923076923
744	3.73883928571
745	4.08333333333
746	3.19990657491
747	3.84705882353
748	3.99583333333
749	3.53947368421
750	3.60324975519
751	3.74756852343
752	4.203125
753	4.10625
754	3.58872767857
755	3.9682435561
756	3.68838383838
757	3.53333333333
758	3.81762196587
759	4.22857142857
760	3.77254901961
761	3.91666666667
762	3.73560606061
763	3.88571428571
764	3.82795698925
765	4.14513888889
766	3.90341781874
767	3.57098765432
768	3.87351190476
769	3.56600140056
770	4.23684210526
771	3.83117702282
772	3.68881118881
773	3.68934343434
774	3.54585537919
775	4.17045454545
776	3.7210591133
777	3.53713369963
778	3.85049019608
779	3.94557291667
780	4.06481481481
781	3.79568452381
782	3.98333333333
783	3.73015873016
784	3.77727272727
785	3.75431034483
786	3.75952380952
787	3.63055555556
788	3.63541666667
789	3.86284722222
790	3.89824561404
791	3.99166666667
792	3.81666666667
793	4.10769230769
794	3.75505050505
795	3.84591836735
796	3.44792085559
797	3.98641902516
798	3.8509984639
799	3.4880952381
800	3.88793103448
801	4.184375
802	3.56547619048
803	3.9255952381
804	3.67638888889
805	3.93958333333
806	4.0
807	4.10455486542
808	3.65476190476
809	4.225
810	4.04761904762
811	3.86842105263
812	4.04621848739
813	3.86805555556
814	4.14318181818
815	4.16680372807
816	4.0
817	4.27586206897
818	3.58648605641
819	4.1038647343
820	4.25
821	4.01503759398
822	3.27105263158
823	3.83333333333
824	4.17391304348
825	3.59
826	3.85714285714
827	4.16614906832
828	3.97222222222
829	3.55882352941
830	3.80555555556
831	4.05797101449
832	3.91666666667
833	3.53654188948
834	3.7
835	3.67056856187
836	3.768
837	3.42628205128
838	3.85535714286
839	3.58823529412
840	3.62121212121
841	3.54545454545
842	4.3023989899
843	3.84027777778
844	3.83965517241
845	3.54824561404
846	4.57142857143
847	3.89473684211
848	3.26984126984
849	3.80844645551
850	3.73174603175
851	4.0
852	3.40336134454
853	3.96875
854	3.69230769231
855	2.91
856	3.73333333333
857	3.41176470588
858	3.72518159806
859	3.92222222222
860	4.44270833333
861	3.43571428571
862	3.14285714286
863	3.66666666667
864	3.85
865	4.17857142857
866	4.0
867	3.13596491228
868	4.1884057971
869	3.59166666667
870	3.53125
871	3.79112426036
872	3.9837962963
873	3.79411764706
874	4.18181818182
875	3.92666666667
876	3.94956140351
877	3.93754960317
878	3.93333333333
879	3.78282828283
880	3.61805555556
881	3.54365079365
882	4.18055555556
883	4.43333333333
884	4.40740740741
885	4.52941176471
886	3.72916666667
887	3.86904761905
888	3.625
889	4.06666666667
890	4.3141025641
891	3.55882352941
892	4.08333333333
893	4.29286916787
894	3.75
895	3.75121753247
896	4.04545454545
897	3.6862745098
898	3.76388888889
899	3.375
900	3.68888888889
901	3.38461538462
902	3.75925925926
903	4.39285714286
904	4.16145833333
905	3.31818181818
906	3.72222222222
907	3.77272727273
908	3.28771929825
909	3.65043290043
910	4.13541666667
911	4.06379585327
912	4.0
913	3.68181818182
914	4.21428571429
915	3.53794642857
916	3.75833333333
917	3.44919786096
918	3.22222222222
919	3.925
920	3.92142857143
921	3.98717948718
922	4.28703703704
923	3.4
924	3.59848484848
925	3.44444444444
926	3.61904761905
927	4.1
928	4.03947368421
929	4.33333333333
930	3.22142857143
931	4.19215686275
932	3.65
933	3.6875
934	3.44444444444
935	2.93333333333
936	3.87619047619
937	3.61111111111
938	3.88888888889
939	3.5
940	3.98611111111
941	3.85714285714
942	4.5
943	4.46153846154
944	4.30555555556
945	4.11111111111
946	3.72277722278
947	4.14444444444
948	4.3125
949	3.5
950	3.86666666667
951	3.91428571429
952	3.68518518519
953	4.16666666667
954	3.55
955	4.25366300366
956	4.32692307692
957	4.5
958	3.96388888889
959	4.49019607843
960	3.63125
961	3.66666666667
962	4.00714285714
963	4.42857142857
964	4.25
965	4.06666666667
966	3.69166666667
967	3.79921636416
968	3.16363636364
969	4.57142857143
970	4.9375
971	3.69230769231
972	3.30740740741
973	3.63636363636
974	4.0
975	3.66666666667
976	3.2
977	3.41666666667
978	4.10416666667
979	3.87190082645
980	3.73939393939
981	4.18333333333
982	4.58333333333
983	4.25
984	3.7619047619
985	3.76923076923
986	4.36507936508
987	3.71428571429
988	3.96078431373
989	3.0
990	4.00757575758
991	4.22222222222
992	4.22222222222
993	4.125
994	4.64814814815
995	4.34920634921
996	4.22222222222
997	4.03125
998	3.91666666667
999	4.5
1000	3.41666666667
1001	4.375
1002	4.08333333333
1003	3.45238095238
1004	3.55555555556
1005	3.1
1006	4.2962962963
1007	3.85185185185
1008	4.27083333333
1009	3.5625
1010	4.0
1011	4.1875
1012	3.4625
1013	4.05555555556
1014	4.66666666667
1015	4.08666666667
1016	3.46666666667
1017	3.62121212121
1018	3.625
1019	3.4
1020	4.63636363636
1021	4.0
1022	4.30833333333
1023	3.82708333333
1024	3.66666666667
1025	4.20833333333
1026	3.6
1027	4.12962962963
1028	4.4375
1029	2.96666666667
1030	3.6875
1031	2.78333333333
1032	4.4
1033	3.92517482517
1034	3.8
1035	3.0
1036	3.65
1037	4.33333333333
1038	4.66666666667
1039	4.7
1040	4.125
1041	3.85714285714
1042	3.63333333333
1043	3.48571428571
1044	3.79166666667
1045	3.59375
1046	4.3625
1047	3.89743589744
1048	4.5625
1049	4.5
1050	3.66666666667
1051	4.0
1052	3.8
1053	4.49583333333
1054	4.13333333333
1055	3.55555555556
1056	4.66666666667
1057	4.1875
1058	3.5
1059	4.09523809524
1060	3.83333333333
1061	3.6
1062	4.0
1063	3.8125
1064	3.53787878788
1065	2.8
1066	3.78888888889
1067	4.25
1068	3.39682539683
1069	4.16666666667
1070	3.88888888889
1071	4.6875
1072	3.8
1073	4.57142857143
1074	3.64285714286
1075	3.94444444444
1076	4.33333333333
1077	4.22222222222
1078	3.75
1079	4.2
1080	4.39583333333
1081	4.16666666667
1082	3.7962962963
1083	4.5
1084	4.4
1085	3.0
1086	4.04761904762
1087	3.53333333333
1088	3.4
1089	4.41666666667
1090	4.21428571429
1091	3.5
1092	4.22222222222
1093	4.6
1094	4.16666666667
1095	4.2380952381
1096	3.45454545455
1097	3.4
1098	3.5
1099	3.4
1100	3.50757575758
1101	4.25
1102	2.23905723906
1103	4.75
1104	4.875
1105	4.21428571429
1106	4.0
1107	4.875
1108	3.0
1109	4.8125
1110	4.66666666667
1111	3.66666666667
1112	5.0
1113	3.55
1114	3.83333333333
1115	3.625
1116	4.2
1117	4.125
1118	4.0
1119	4.0
1120	4.36111111111
1121	4.55555555556
1122	3.71428571429
1123	3.16666666667
1124	4.5
1125	3.375
1127	3.27777777778
1128	3.13333333333
1129	3.66666666667
1130	4.4
1131	3.75
1132	4.0
1133	4.41666666667
1134	3.71428571429
1135	2.55555555556
1136	4.55555555556
1137	3.33333333333
1138	3.6
1139	3.83333333333
1140	3.56666666667
1141	2.66666666667
1142	4.57575757576
1143	3.73888888889
1144	4.75
1145	4.25
1146	4.22222222222
1147	4.0
1148	2.96296296296
1149	4.4
1150	5.0
1151	3.61904761905
1152	5.0
1153	3.37916666667
1154	4.4
1155	4.83333333333
1156	4.08333333333
1157	3.25
1158	3.8
1159	4.0
1160	4.66346153846
1161	4.0
1162	2.6369047619
1163	4.5
1164	4.5
1165	4.07142857143
1166	4.0
1167	3.16666666667
1168	3.25
1169	3.94814814815
1170	4.0
1171	3.11111111111
1172	2.66666666667
1173	3.6
1174	3.5
1175	3.75
1176	3.52083333333
1177	3.5
1178	4.2
1179	5.0
1180	4.0
1181	4.41666666667
1182	4.4
1183	3.33333333333
1184	4.5
1185	4.41666666667
1186	4.75
1187	3.75
1188	3.88333333333
1189	4.2
1190	4.33333333333
1191	3.0
1192	4.14285714286
1193	4.33333333333
1194	3.58333333333
1195	5.0
1196	4.0
1197	5.0
1198	3.33333333333
1199	4.18333333333
1200	4.125
1202	5.0
1203	4.5
1204	3.11538461538
1205	5.0
1206	3.83333333333
1207	4.68372093023
1208	4.33333333333
1209	3.92857142857
1210	3.7
1211	4.5
1212	4.33333333333
1213	4.4
1214	3.8
1216	5.0
1217	2.0
1218	3.33333333333
1219	5.0
1220	4.5
1221	3.375
1222	4.16666666667
1223	3.66666666667
1224	4.08333333333
1225	4.5
1226	4.5
1227	3.625
1228	5.0
1229	5.0
1230	3.41071428571
1231	2.5
1232	4.21666666667
1233	3.66666666667
1234	4.25
1235	4.5
1236	4.5
1237	3.75
1238	4.5
1239	3.91666666667
1240	4.6
1241	4.33333333333
1242	5.0
1243	3.66666666667
1244	4.55
1245	4.0
1246	4.5
1247	4.0
1248	4.5
1249	4.5
1250	1.0
1251	4.5
1252	4.25
1253	3.2875
1254	4.375
1255	3.33333333333
1256	4.16666666667
1257	5.0
1258	4.0
1259	4.0
1260	3.66964285714
1261	3.0
1262	3.0
1263	3.66666666667
1264	4.0
1265	5.0
1267	4.45
1268	4.0
1269	4.4
1270	5.0
1272	3.41666666667
1273	3.5
1275	3.16666666667
1276	1.0
1277	2.0
1278	3.36666666667
1279	4.5
1281	3.75
1282	4.0
1283	2.0
1285	4.25
1286	3.0
1287	4.0
1288	4.0
1289	3.66666666667
1290	4.0
1291	4.5
1292	4.0
1293	4.75
1294	4.5
1295	3.5
1296	5.0
1297	4.0
1298	4.5
1299	5.0
1300	4.25
1301	4.33333333333
1303	4.5
1304	2.5
1305	5.0
1307	4.0
1308	5.0
1309	3.4375
1310	4.5
1311	4.33333333333
1312	3.75
1313	4.13333333333
1314	2.5
1315	2.66666666667
1316	4.16666666667
1317	3.83333333333
1318	4.0
1319	3.16666666667
1320	4.33333333333
1322	4.38888888889
1324	4.66666666667
1325	1.0
1326	3.66666666667
1327	5.0
1328	4.33333333333
1329	4.33333333333
1331	2.88888888889
1332	5.0
1334	3.66666666667
1335	3.5
1336	5.0
1337	4.0
1338	4.0
1339	3.33333333333
1341	4.0
1342	4.05555555556
1343	4.16666666667
1344	3.55
1345	4.33333333333
1346	3.66666666667
1348	5.0
1349	4.5
1351	4.0
1352	3.5
1353	4.83862433862
1354	1.5
1355	5.0
1356	4.0
1357	5.0
1359	2.0
1360	3.0
1361	4.66666666667
1362	4.0
1364	5.0
1365	3.0
1367	2.5
1368	3.0
1369	3.33333333333
1370	3.33333333333
1371	3.76666666667
1373	5.0
1374	2.9375
1375	5.0
1376	4.0
1377	5.0
1378	5.0
1379	3.0
1380	3.32142857143
1381	3.5
1382	5.0
1383	4.0
1384	3.25
1385	4.5
1387	2.75
1388	3.0
1390	1.0
1391	3.5
1392	5.0
1393	5.0
1394	4.0
1395	4.5
1397	4.41666666667
1399	4.5
1401	4.66666666667
1402	4.66666666667
1403	5.0
1404	4.5
1405	4.0
1406	5.0
1407	5.0
1408	4.0
1409	4.0
1410	5.0
1411	4.875
1413	4.33333333333
1415	4.0
1416	5.0
1417	4.24
1418	2.5
1420	4.0
1421	4.75
1422	4.0
1423	5.0
1424	4.25
1426	5.0
1427	4.5
1428	4.33333333333
1429	5.0
1431	2.5
1433	3.0
1434	1.0
1435	4.0
1437	4.0
1438	4.75
1440	2.33333333333
1442	3.0
1443	2.5
1444	3.66666666667
1445	4.66666666667
1446	3.0
1447	5.0
1448	4.66666666667
1450	3.66666666667
1451	4.0
1452	4.0
1453	5.0
1454	4.0
1456	4.33333333333
1457	2.0
1458	4.66666666667
1460	4.0
1461	2.0
1462	5.0
1463	4.66666666667
1464	4.22222222222
1465	5.0
1466	2.5
1467	5.0
1470	4.0
1472	3.0
1473	1.0
1474	4.0
1475	3.5
1476	3.4
1478	4.5
1479	4.5
1481	4.54545454545
1483	4.0
1484	5.0
1487	4.75
1488	4.33333333333
1490	4.0
1491	5.0
1492	3.0
1494	3.0
1495	4.33333333333
1497	3.2
1498	3.0
1499	5.0
1500	1.0
1504	3.8
1505	4.0
1506	5.0
1507	1.0
1509	3.9
1510	3.66666666667
1511	2.33333333333
1512	4.5
1513	3.5
1517	2.0
1518	5.0
1519	2.0
1520	1.0
1521	4.0
1522	5.0
1523	3.0
1524	3.0
1525	2.58333333333
1526	3.0
1527	4.0
1528	5.0
1532	4.25
1533	5.0
1534	4.625
1535	5.0
1536	2.5
1539	2.75
1541	5.0
1542	3.66666666667
1543	1.0
1545	5.0
1546	3.0
1547	5.0
1548	5.0
1552	5.0
1553	4.5
1554	3.0
1555	4.25
1557	4.0
1558	1.0
1560	5.0
1561	3.83333333333
1565	5.0
1566	3.75
1567	4.375
1568	4.02280701754
1569	4.33333333333
1570	3.0
1573	4.25
1574	3.96296296296
1575	5.0
1577	4.0
1578	5.0
1579	5.0
1580	2.25
1581	3.0
1582	4.0
1588	4.5
1589	5.0
1590	4.8
1592	5.0
1594	3.66666666667
1595	4.0
1596	5.0
1597	4.0
1598	4.0
1599	3.0
1603	5.0
1605	4.33333333333
1608	5.0
1609	4.5
1613	4.0
1614	4.5
1615	3.66666666667
1617	2.0
1618	4.5
1619	5.0
1620	3.33333333333
1622	4.16666666667
1625	5.0
1626	5.0
1628	4.0
1629	3.33333333333
1630	4.0
1631	5.0
1634	5.0
1635	3.4
1637	5.0
1639	1.0
1643	5.0
1644	4.0
1645	4.25
1649	4.0
1654	5.0
1655	4.66666666667
1657	4.5
1658	5.0
1663	4.0
1665	4.0
1667	2.0
1669	4.0
1672	3.0
1673	4.0
1676	5.0
1678	3.75
1680	4.0
1686	4.0
1687	5.0
1692	3.5
1693	1.0
1695	4.0
1697	4.33333333333
1698	4.0
1699	2.66666666667
1702	5.0
1706	2.5
1709	1.0
1712	5.0
1715	5.0
1719	5.0
1720	5.0
1721	5.0
1722	3.5
1723	3.58333333333
1728	5.0
1729	5.0
1731	5.0
1735	4.0
1736	5.0
1737	3.0
1738	4.0
1739	4.0
1744	3.75
1749	3.0
1751	2.0
1754	3.0
1756	5.0
1757	5.0
1764	4.0
1766	3.5
1769	4.25
1770	3.42424242424
1771	4.0
1774	2.5
1776	5.0
1780	3.0
1781	4.66666666667
1782	5.0
1785	5.0
1786	4.0
1788	5.0
1789	5.0
1792	4.66666666667
1793	5.0
1794	5.0
1797	5.0
1798	5.0
1799	5.0
1801	5.0
1802	4.0
1804	4.0
1805	5.0
1807	5.0
1808	3.0
1809	4.0
1814	4.0
1819	4.44444444444
1822	5.0
1823	4.0
1824	5.0
1828	2.0
1831	5.0
1833	4.0
1834	4.5
1836	3.66666666667
1837	3.0
1840	5.0
1842	5.0
1846	4.0
1848	4.0
1850	5.0
1854	4.0
1855	3.0
1863	2.0
1864	4.0
1865	4.5
1870	4.0
1873	5.0
1876	5.0
1881	4.0
1884	1.0
1886	5.0
1890	5.0
1895	5.0
1896	3.78571428571
1897	4.0
1900	4.0
1903	4.0
1904	5.0
1911	4.0
1912	4.66666666667
1913	4.5
1917	5.0
1919	4.33333333333
1924	2.5
1925	5.0
1926	4.5
1929	5.0
1936	4.5
1940	1.0
1943	5.0
1944	4.0
1947	4.5
1951	5.0
1952	5.0
1953	5.0
1959	5.0
1961	2.0
1962	5.0
1965	3.0
1972	5.0
1975	5.0
1976	5.0
1978	5.0
1980	3.25
1984	4.0
1985	5.0
1992	4.0
1994	2.0
1997	5.0
2001	4.0
2004	4.0
2006	4.0
2009	1.0
2013	1.0
2016	5.0
2018	5.0
2022	5.0
2023	5.0
2025	4.0
2026	4.0
2027	5.0
2029	4.0
2033	4.0
2034	3.5
2035	3.25
2039	5.0
2045	3.5
2055	4.0
2060	4.0
2069	3.2
2071	4.0
2076	1.0
2080	5.0
2083	2.0
2084	5.0
2098	5.0
2099	2.0
2101	4.0
2103	5.0
2104	5.0
2116	5.0
2117	4.0
2118	5.0
2121	3.0
2124	1.0
2125	4.8
2128	5.0
2129	4.0
2130	5.0
2135	4.0
2142	5.0
2152	3.0
2155	5.0
2159	5.0
2166	5.0
2176	5.0
2199	5.0
2203	4.0
2205	4.0
2212	5.0
2217	5.0
2226	4.0
2238	5.0
2251	1.0
2252	4.0
2260	5.0
2270	5.0
2274	5.0
2279	5.0
2282	4.0
2286	4.0
2287	5.0
2288	4.0
2296	5.0
2301	1.0
2305	1.0
2311	2.0
2316	5.0
2320	5.0
2325	5.0
2329	5.0
2331	4.0
2334	3.0
2355	5.0
2369	3.0
2370	5.0
2379	4.0
2381	3.0
2394	5.0
2419	3.0
2421	4.75
2423	4.0
2425	4.0
2457	2.0
2474	1.0
2480	5.0
2489	5.0
2513	5.0
2514	5.0
2540	5.0
2556	5.0
2564	4.0
2566	5.0
2586	4.5
2591	3.0
2604	1.0
2614	4.0
2616	4.5
2621	5.0
2643	4.2
2646	5.0
2656	4.0
2662	1.0
2674	5.0
2683	2.0
2708	5.0
2739	4.0
2761	1.0
2784	5.0
2790	3.0
2793	5.0
2806	3.0
2813	5.0
2830	5.0
2849	1.0
2852	4.0
2856	5.0
2884	5.0
2890	4.5
2891	1.66666666667
2912	4.0
2919	5.0
2922	5.0
2942	5.0
2959	4.0
2987	5.0
3022	4.5
3046	4.0
3050	4.0
3056	5.0
3071	3.5
3094	5.0
3138	4.0
3183	5.0
3193	5.0
3263	5.0
3275	4.5
3303	5.0
3323	1.0
3366	5.0
3414	4.66666666667
3557	4.0
3601	1.0
3830	5.0
3855	1.0
4496	4.0
4535	3.0
4728	5.0
4730	5.0
4985	3.0
5018	5.0
5549	5.0
5587	5.0
5603	5.0
