0 0.194368911053 0 3.93421555578 1389005236 295.985640501 21.4603432507 56.1633614892 1.56205950395
1 0.444288647508 3 3.92722858861 1231144744 522.010819953 23.408447441 98.2012696647 1.57021385047
2 0.375511313477 3 3.90019851321 1320664879 469.330427413 22.6683214271 88.2429538147 2.11323673837
3 0.229791341904 1 4.01932292649 1357863695 319.586788432 20.7941755454 60.5853424658 1.81000507357
4 0.700705749026 13 3.4321328473 1092474920 831.406233492 26.501056524 154.573824617 1.39051769678
5 0.421925218269 4 3.82069294265 1284573115 519.331529062 23.5924631723 97.6007765216 1.98750713715
6 0.229111137459 1 3.98556162508 1368796168 326.791163042 21.420550512 61.8771640452 2.09385886203
7 0.585928490996 6 3.89475741503 1166543710 527.863947311 23.9467651554 99.2055891129 1.31704388327
8 0.326293375569 2 3.88792033515 1342046079 465.540410959 22.5854818982 87.5500244618 2.33018590998
9 0.663967901163 9 3.45678314438 1076000978 811.803236246 26.3878317152 150.828090615 1.3030420712
10 0.469429621982 5 3.81890614147 1251972686 567.822840159 24.3705524278 106.58040639 1.90526135292
11 0.151088991243 0 3.90093324335 1400876149 299.631548019 21.7801376763 56.6952042249 1.37912113072
12 0.74570611777 16 3.96601218206 978622323 754.334480021 26.2998147658 141.089177031 1.19714210108
13 0.551933616885 6 3.83195750922 1194451592 580.344883709 24.1976164225 108.853415236 1.58481650654
14 0.217268534934 1 3.91772482955 1382626481 314.787805293 22.3822639919 59.5659831853 1.9102699665
15 0.361804389991 2 3.88548446083 1315999071 483.331346048 22.8854223946 90.8981853963 2.13117529592
16 0.487169680721 5 3.92557440908 1208602633 543.541348724 23.6535228725 102.120385792 1.643684394
17 0.347869378816 2 3.85758409163 1333380191 479.814108924 22.7448566654 90.3220458462 2.29217795415
18 0.214250888537 1 3.94659175215 1379268214 313.923313908 21.6552431585 59.4745867839 1.9188767338
19 0.572914839636 5 3.88544784513 1187386071 536.243157192 23.7406152108 100.64556052 1.51502079803
20 0.475301447009 4 3.91241704216 1223259650 531.348395796 23.7904508367 99.7778661319 1.7395242705
21 0.673645070842 9 3.63278323176 1141908417 644.588224437 25.4440137812 120.603728313 1.33757844223
22 0.393728200377 2 3.85031124718 1297859258 519.428823854 23.3293944414 97.9576108964 1.9419289527
23 0.172781393574 0 3.91779535074 1394588985 295.504436739 21.5876699612 56.0147845793 1.52738491782
24 0.660988170403 9 3.74543422695 1043389482 722.767921853 25.7828895541 134.302032456 1.25019694344
25 0.398507064128 3 3.82346111642 1306839371 533.476331252 23.5960422749 100.40536196 2.16529322641
26 0.698584994625 10 3.77511609125 1011210829 725.027308414 26.2732548216 134.82078853 1.1831370541
27 0.0836029069687 0 3.95157556845 1404313334 229.054769692 23.069002187 43.2417718387 1.31536882094
28 0.739763533252 20 4.10495712656 962606872 658.381861575 25.8571428571 128.396522332 1.18002045687
29 0.226465605558 1 4.00510539939 1365073212 330.600041868 21.1107530497 62.5660655041 2.0857528911
30 0.660319097415 10 3.64564352591 1060181024 758.021412537 26.3161802797 140.589535486 1.3505439475
31 0.450689127066 4 3.86027147775 1269358736 553.936301102 24.2510206364 104.043342095 1.97617582909
32 0.678920268117 9 3.6522021177 1154225956 661.227427325 25.4615927613 123.804017198 1.4651864211
33 0.394326870906 3 3.8559531947 1302257235 525.583020244 23.3816159037 99.0242932701 2.0553346708
34 0.467273392288 4 3.86020587635 1244845549 541.635992994 23.9045910018 101.723592409 1.87734359298
35 0.34284907444 2 3.88405716784 1329045871 469.320132337 22.4165543438 88.4631662786 2.09413062125
36 0.446002447688 3 3.85536770569 1264240499 539.491423002 24.0624864631 101.447086853 1.75523066927
37 0.439668424864 4 3.82826611796 1279650765 540.689800394 23.8126791099 101.643574472 2.04002093249
38 0.16561763898 0 3.91274284272 1397605312 298.014458902 21.8109927476 56.4375655743 1.47515259196
39 0.685108930302 10 3.77906379905 1027658267 742.274983812 26.5283833369 137.769911504 1.36563781567
40 0.59042833471 5 3.91548983879 1173311810 523.547638562 23.7558651777 98.5788853601 1.39637332241
41 0.302756720105 2 3.90860636023 1350441980 425.740545807 22.1002446282 80.2346207203 2.2931832382
42 0.676798866823 9 3.61350178381 1122127030 680.664423241 25.6275345033 127.142954507 1.35798262055
43 0.709938386282 12 3.41219766096 1107170076 851.215004231 26.6054338629 158.658832378 1.38836138009
44 0.228027154817 1 4.00938175286 1361413947 325.740628579 20.9444326379 61.6783728261 1.98028902348
45 0.387449301008 3 3.82570175018 1311393487 525.839460704 23.5689411378 99.0201578428 2.16192042091
46 0.310432360652 2 3.89172883792 1346274367 451.22363259 22.4779891428 84.9324734273 2.32332010401
47 0.489990147143 5 3.84020285688 1258314082 587.017870334 24.7436502074 110.16597534 2.00579578385
48 0.434952497626 4 3.81261853127 1289235581 532.474160118 23.7448354402 100.109395285 2.02282200205
49 0.584888878876 5 3.92829426116 1180309702 531.614139598 23.7050129257 99.9458244352 1.48870405755
50 0.265441962528 1 3.96430108268 1354502842 370.39766649 21.6905174205 69.9491430199 2.05066457328
51 0.229446057317 2 3.8528946254 1386013154 323.400168896 24.4792422583 61.1479914979 1.8140212265
52 0.181483395188 0 3.92755193609 1391751381 294.676444525 21.3931087121 55.9271414803 1.57026798016
53 0.692089803048 11 3.48566496665 1131721100 723.19650655 26.0340247453 135.184133916 1.43049490539
54 0.448671247276 4 3.9264621052 1237843071 528.338529941 23.4311121117 99.3417098154 1.76229738856
55 0.341604655279 2 3.86526615402 1337771833 478.056771519 22.6472112586 89.9375406982 2.38607822031
56 0.493439434614 5 3.91496609573 1215854323 557.800963206 23.8054710075 104.724792911 1.6785590445
57 0.458268189105 4 3.83491924154 1274508199 562.842380137 24.1968321918 105.720776256 2.07571347032
58 0.485040563542 4 3.90730407102 1201049671 532.448139527 23.3914804068 100.20961005 1.47189363262
59 0.802846530053 28 4.00358200118 946063588 593.832445234 27.7477797513 115.79455299 1.05387803434
60 0.352797766908 2 3.86241442276 1325072754 470.498545466 22.5078308662 88.6799918417 1.93447620683
61 0.721655019929 11 3.88753174198 995378612 729.051187852 26.2294881215 135.932892481 1.21748714181
62 0.22613926861 1 3.97226956425 1372380398 324.90618045 21.5589988805 61.561527982 2.04616453323
63 0.219825961521 1 3.95947007958 1375900617 321.604845501 21.6389507289 60.9235309095 1.96038466309
64 0.415732756633 3 3.80200073179 1293778418 536.366017977 23.6195479536 101.087424732 1.83014224627
