0 0.170162932967 0 3.91451571807 1395792622 295.788305151 21.6657360701 56.0560261413 1.51026299927
1 0.584153714157 5 3.93742499376 1177647628 518.952061261 23.5861044092 97.659113955 1.44784782685
2 0.429141103042 4 3.81821936392 1288410440 528.034975504 23.720508982 99.2963799673 1.98700326619
3 0.259439963792 1 3.97437674907 1354905389 358.230515176 21.4187041193 67.7041426771 1.98334590394
4 0.445854693517 4 3.92690509023 1231489773 524.217309433 23.4187036031 98.604979178 1.5958537027
5 0.762539200499 23 4.07172309796 957448314 641.191299045 26.5783695873 124.624720472 1.13356373247
6 0.226234634879 1 4.00734084053 1364235668 329.936612654 21.0661485105 62.4402528042 2.06854183785
7 0.347871369519 2 3.87748379873 1326490113 467.528617665 22.4341523454 88.1407016196 1.98230647504
8 0.446188282981 3 3.86035398397 1265421367 540.94812261 24.0846214176 101.699879089 1.79384660632
9 0.204432569062 1 3.90413790275 1388060313 303.398441802 22.3813913646 57.5180232914 1.63341967327
10 0.711599112885 12 3.41243488112 1106371794 846.363685848 26.5947900467 157.774883359 1.39377916019
11 0.36972375166 2 3.89426674911 1319392489 474.27044133 22.7153393595 89.172861529 2.1192346615
12 0.680856816106 9 3.63687406949 1153932346 672.203557079 25.5840817774 125.793547625 1.48138737887
13 0.329332069481 2 3.88202064336 1341174793 467.608698197 22.5546051861 87.9573138609 2.3324455631
14 0.396495706083 3 3.8428174046 1303784001 529.12906349 23.4823463793 99.635361965 2.09961798722
15 0.692216270077 10 3.78412077594 1013134141 720.735151035 26.2321529585 134.01776219 1.20782893993
16 0.215178152149 1 3.94933407734 1378557339 314.741460629 21.6404921115 59.6247055184 1.91689312995
17 0.479130047049 4 3.91058808864 1221015426 537.211092393 23.7869379292 100.875340158 1.7180251393
18 0.675393117231 10 3.62074362678 1124880784 670.468287893 25.5711645102 125.237985213 1.36188770795
19 0.22864910994 1 4.01677190163 1359440741 323.329530648 20.8917020669 61.2613429076 1.89379092402
20 0.684388421837 11 3.42220481401 1086979600 828.75029396 26.462747194 153.892143239 1.36226616782
21 0.382929376082 3 3.83998489796 1311820102 516.661350978 23.415404389 97.2660065692 2.15437711239
22 0.501290448527 4 3.87838795655 1200089208 549.746194798 23.6664086869 103.375149511 1.51382537114
23 0.347299689105 2 3.85703976594 1333736000 480.664860518 22.7284296656 90.4739813087 2.30939015154
24 0.224320694868 1 3.89800496293 1383309340 320.035445281 23.1252821909 60.5153701711 1.90580627466
25 0.0899958866318 0 3.94480225653 1404077821 237.432462233 22.9301862094 44.8417160984 1.31952191705
26 0.736337124828 13 3.92977088752 986207814 752.294776119 26.2653731343 140.574626866 1.20746268657
27 0.485653153911 5 3.83797018233 1257876210 586.531883308 24.6991835174 110.078791696 2.00177691806
28 0.227505260919 1 3.98261611217 1369141519 326.43481494 21.4259114209 61.8160104701 2.08562448567
29 0.306797557824 2 3.89725312998 1348235370 439.790211566 22.3173155313 82.8293506008 2.31237721022
30 0.670541445457 10 3.75321714613 1040685756 731.209713495 26.1054425391 135.769624028 1.3050378102
31 0.457920759125 4 3.90572619709 1240524172 531.211869983 23.5829933763 99.8447822082 1.80205728824
32 0.587728203453 6 3.89034144962 1167567866 530.953675935 23.9650895327 99.8235551026 1.32677245596
33 0.402925592147 3 3.8287727754 1295960295 524.660949817 23.4182763599 98.9274467338 1.87331226098
34 0.662453129454 10 3.57139627807 1066119305 779.582006703 26.3357771261 144.765186426 1.32467532468
35 0.181382287937 0 3.93100136677 1391850630 295.197761211 21.4452973896 56.0089874674 1.56065271078
36 0.469166897071 5 3.82284078081 1249634952 558.952465902 24.2287959534 104.913128895 1.90551892331
37 0.566676256285 5 3.88623058529 1188817054 543.295155926 23.8412421378 101.949254125 1.530905259
38 0.490573859441 5 3.92886319438 1210613492 549.293697593 23.690208277 103.170570733 1.64782255883
39 0.224908111319 1 3.96777345817 1373908251 325.390560989 21.6189425204 61.6561855956 2.02211102881
40 0.436479765756 4 3.81827318734 1280881048 538.420402745 23.7774347819 101.183074487 2.04248172614
41 0.68051532241 9 3.56988488184 1139911163 672.926792829 25.6319721116 125.930826693 1.36523904382
42 0.156355583274 0 3.90522105527 1399951942 299.655837781 21.8080373029 56.7074237683 1.40860789005
43 0.456278492057 4 3.84058504695 1273081109 560.984555837 24.2475451408 105.366198257 2.06564722482
